20.000000	2.676
20.299999	2.677
20.600000	2.678
20.900000	2.678
21.200001	2.679
21.400000	2.680
21.799999	2.681
22.000000	2.682
22.400000	2.683
22.700001	2.684
23.000000	2.685
23.299999	2.686
23.600000	2.687
24.000000	2.688
24.299999	2.689
24.700001	2.690
25.000000	2.691
25.400000	2.692
25.799999	2.693
26.200001	2.694
26.500000	2.694
26.900000	2.695
27.200001	2.696
27.600000	2.697
28.000000	2.697
28.500000	2.698
29.000000	2.699
29.500000	2.699
30.000000	2.700
30.400000	2.701
30.700001	2.701
31.100000	2.701
31.500000	2.701
32.000000	2.701
32.500000	2.701
33.000000	2.701
33.500000	2.701
34.000000	2.701
34.500000	2.700
35.000000	2.699
35.500000	2.698
36.000000	2.697
36.500000	2.696
37.000000	2.694
37.500000	2.693
38.200001	2.690
38.700001	2.688
39.500000	2.684
40.000000	2.681
40.599998	2.677
41.200001	2.674
41.799999	2.669
42.500000	2.664
43.099998	2.659
43.700001	2.653
44.400002	2.646
45.000000	2.640
45.500000	2.634
46.200001	2.625
46.799999	2.617
47.500000	2.607
48.200001	2.597
48.700001	2.589
49.400002	2.577
50.000000	2.567
50.799999	2.552
51.500000	2.538
52.200001	2.523
53.000000	2.506
53.799999	2.487
54.500000	2.470
55.200001	2.452
56.000000	2.430
57.000000	2.402
58.000000	2.372
59.000000	2.340
60.000000	2.306
60.799999	2.278
61.500000	2.251
62.200001	2.224
63.000000	2.192
64.000000	2.152
65.000000	2.109
66.000000	2.064
67.000000	2.018
68.000000	1.969
69.000000	1.919
70.000000	1.867
71.000000	1.814
72.000000	1.759
73.000000	1.702
74.000000	1.644
75.000000	1.584
76.199997	1.510
77.500000	1.428
78.800003	1.344
80.000000	1.265
81.199997	1.185
82.500000	1.096
83.800003	1.005
85.000000	0.920
86.199997	0.835
87.500000	0.741
88.500000	0.668
90.000000	0.559
91.199997	0.471
92.500000	0.375
93.800003	0.279
95.000000	0.191
96.199997	0.103
97.500000	0.008
98.800003	-0.085
100.000000	-0.170
101.500000	-0.273
103.000000	-0.374
104.400002	-0.465
106.000000	-0.567
107.500000	-0.661
109.000000	-0.752
110.599998	-0.845
112.000000	-0.925
113.800003	-1.025
115.000000	-1.089
117.199997	-1.203
118.000000	-1.243
120.599998	-1.369
122.000000	-1.434
124.099998	-1.528
125.000000	-1.568
126.500000	-1.632
128.000000	-1.695
131.500000	-1.835
132.000000	-1.854
134.000000	-1.929
136.000000	-1.999
138.000000	-2.066
140.000000	-2.129
143.000000	-2.217
145.000000	-2.271
147.500000	-2.334
150.000000	-2.393
152.500000	-2.448
155.000000	-2.498
157.500000	-2.543
160.000000	-2.585
162.500000	-2.623
165.000000	-2.657
167.500000	-2.688
170.000000	-2.716
172.500000	-2.741
175.000000	-2.764
177.500000	-2.785
180.000000	-2.803
182.500000	-2.819
185.000000	-2.833
187.500000	-2.845
190.000000	-2.856
192.500000	-2.866
195.000000	-2.874
197.500000	-2.881
200.000000	-2.888
203.000000	-2.895
206.000000	-2.900
209.000000	-2.904
212.000000	-2.907
214.000000	-2.907
218.000000	-2.906
220.000000	-2.903
224.000000	-2.898
227.000000	-2.892
230.000000	-2.887
233.000000	-2.881
236.000000	-2.875
240.000000	-2.867
243.000000	-2.861
247.000000	-2.854
250.000000	-2.848
254.000000	-2.838
258.000000	-2.828
262.000000	-2.816
265.000000	-2.805
269.000000	-2.791
272.000000	-2.779
276.000000	-2.763
280.000000	-2.745
285.000000	-2.723
290.000000	-2.700
295.000000	-2.677
300.000000	-2.653
304.000000	-2.633
307.000000	-2.617
311.000000	-2.595
315.000000	-2.571
320.000000	-2.540
325.000000	-2.508
330.000000	-2.477
335.000000	-2.446
340.000000	-2.416
345.000000	-2.387
350.000000	-2.361
355.000000	-2.336
360.000000	-2.312
365.000000	-2.290
370.000000	-2.269
375.000000	-2.248
382.000000	-2.220
387.000000	-2.203
395.000000	-2.178
400.000000	-2.163
406.000000	-2.147
412.000000	-2.131
418.000000	-2.114
425.000000	-2.090
431.000000	-2.067
437.000000	-2.043
444.000000	-2.016
450.000000	-1.992
455.000000	-1.972
462.000000	-1.945
468.000000	-1.921
475.000000	-1.893
482.000000	-1.865
487.000000	-1.845
494.000000	-1.817
500.000000	-1.794
508.000000	-1.763
515.000000	-1.736
522.000000	-1.710
530.000000	-1.680
538.000000	-1.651
545.000000	-1.626
552.000000	-1.602
560.000000	-1.575
570.000000	-1.542
580.000000	-1.511
590.000000	-1.482
600.000000	-1.454
608.000000	-1.433
615.000000	-1.415
622.000000	-1.398
630.000000	-1.378
640.000000	-1.354
650.000000	-1.329
660.000000	-1.304
670.000000	-1.277
680.000000	-1.249
690.000000	-1.217
700.000000	-1.183
710.000000	-1.146
720.000000	-1.106
730.000000	-1.066
740.000000	-1.025
750.000000	-0.983
762.000000	-0.933
775.000000	-0.881
788.000000	-0.831
800.000000	-0.789
812.000000	-0.750
825.000000	-0.711
838.000000	-0.675
850.000000	-0.645
862.000000	-0.618
875.000000	-0.591
885.000000	-0.572
900.000000	-0.546
912.000000	-0.527
925.000000	-0.507
938.000000	-0.487
950.000000	-0.468
962.000000	-0.449
975.000000	-0.427
988.000000	-0.405
1000.000000	-0.383
1015.000000	-0.353
1030.000000	-0.320
1044.000000	-0.286
1060.000000	-0.244
1075.000000	-0.202
1090.000000	-0.156
1106.000000	-0.104
1120.000000	-0.055
1138.000000	0.012
1150.000000	0.058
1172.000000	0.148
1180.000000	0.181
1206.000000	0.294
1220.000000	0.357
1241.000000	0.454
1250.000000	0.496
1265.000000	0.568
1280.000000	0.641
1315.000000	0.812
1320.000000	0.836
1340.000000	0.935
1360.000000	1.035
1380.000000	1.136
1400.000000	1.237
1430.000000	1.391
1450.000000	1.494
1475.000000	1.624
1500.000000	1.756
1525.000000	1.890
1550.000000	2.028
1575.000000	2.167
1600.000000	2.310
1625.000000	2.456
1650.000000	2.606
1675.000000	2.759
1700.000000	2.916
1725.000000	3.076
1750.000000	3.240
1775.000000	3.407
1800.000000	3.575
1825.000000	3.746
1850.000000	3.918
1875.000000	4.091
1900.000000	4.264
1925.000000	4.438
1950.000000	4.610
1975.000000	4.781
2000.000000	4.950
2030.000000	5.149
2060.000000	5.343
2090.000000	5.533
2120.000000	5.717
2140.000000	5.836
2180.000000	6.064
2200.000000	6.174
2240.000000	6.383
2270.000000	6.530
2300.000000	6.669
2330.000000	6.801
2360.000000	6.924
2400.000000	7.077
2430.000000	7.184
2470.000000	7.316
2500.000000	7.408
2540.000000	7.522
2580.000000	7.628
2620.000000	7.727
2650.000000	7.797
2690.000000	7.887
2720.000000	7.951
2760.000000	8.034
2800.000000	8.115
2850.000000	8.211
2900.000000	8.301
2950.000000	8.385
3000.000000	8.461
3040.000000	8.516
3070.000000	8.553
3110.000000	8.597
3150.000000	8.633
3200.000000	8.668
3250.000000	8.692
3300.000000	8.704
3350.000000	8.705
3400.000000	8.695
3450.000000	8.676
3500.000000	8.647
3550.000000	8.610
3600.000000	8.565
3650.000000	8.515
3700.000000	8.460
3750.000000	8.399
3820.000000	8.309
3870.000000	8.240
3950.000000	8.126
4000.000000	8.052
4060.000000	7.962
4120.000000	7.871
4180.000000	7.779
4250.000000	7.672
4310.000000	7.580
4370.000000	7.490
4440.000000	7.384
4500.000000	7.294
4550.000000	7.221
4620.000000	7.118
4680.000000	7.031
4750.000000	6.932
4820.000000	6.833
4870.000000	6.764
4940.000000	6.669
5000.000000	6.588
5080.000000	6.482
5150.000000	6.391
5220.000000	6.300
5300.000000	6.199
5380.000000	6.099
5450.000000	6.013
5520.000000	5.928
5600.000000	5.832
5700.000000	5.715
5800.000000	5.600
5900.000000	5.486
6000.000000	5.375
6080.000000	5.287
6150.000000	5.211
6220.000000	5.135
6300.000000	5.048
6400.000000	4.939
6500.000000	4.827
6600.000000	4.713
6700.000000	4.594
6800.000000	4.470
6900.000000	4.341
7000.000000	4.207
7100.000000	4.069
7200.000000	3.928
7300.000000	3.786
7400.000000	3.643
7500.000000	3.500
7620.000000	3.328
7750.000000	3.143
7880.000000	2.958
8000.000000	2.788
8120.000000	2.619
8250.000000	2.434
8380.000000	2.250
8500.000000	2.079
8620.000000	1.909
8750.000000	1.723
8850.000000	1.579
9000.000000	1.362
9120.000000	1.187
9250.000000	0.997
9380.000000	0.804
9500.000000	0.625
9620.000000	0.444
9750.000000	0.245
9880.000000	0.045
10000.000000	-0.143
10150.000000	-0.380
10300.000000	-0.623
10440.000000	-0.852
10600.000000	-1.120
10750.000000	-1.377
10900.000000	-1.639
11060.000000	-1.923
11200.000000	-2.175
11380.000000	-2.502
11500.000000	-2.720
11720.000000	-3.114
11800.000000	-3.253
12060.000000	-3.686
12200.000000	-3.901
12410.000000	-4.197
12500.000000	-4.314
12650.000000	-4.497
12800.000000	-4.667
13150.000000	-5.036
13200.000000	-5.087
13400.000000	-5.294
13600.000000	-5.504
13800.000000	-5.722
14000.000000	-5.950
14300.000000	-6.308
14500.000000	-6.557
14750.000000	-6.881
15000.000000	-7.215
15250.000000	-7.560
15500.000000	-7.916
15750.000000	-8.282
16000.000000	-8.656
16250.000000	-9.040
16500.000000	-9.434
16750.000000	-9.839
17000.000000	-10.255
17250.000000	-10.683
17500.000000	-11.125
17750.000000	-11.581
18000.000000	-12.051
18250.000000	-12.533
18500.000000	-13.021
18750.000000	-13.502
19000.000000	-13.946
19250.000000	-14.329
19500.000000	-14.744
19750.000000	-15.488
20000.000000	-16.590
