20.000000 79.532
20.144928 79.582
20.290907 80.339
20.437943 80.451
20.586044 80.472
20.735220 80.482
20.885475 80.491
21.036821 80.499
21.189262 80.506
21.342808 80.514
21.497467 80.521
21.653246 80.529
21.810154 80.536
21.968201 80.542
22.127390 80.549
22.287735 80.555
22.449242 80.561
22.611917 80.567
22.775772 80.572
22.940815 80.578
23.107054 80.583
23.274498 80.589
23.443153 80.594
23.613033 80.599
23.784142 80.604
23.956491 80.609
24.130091 80.614
24.304947 80.618
24.481071 80.622
24.658470 80.627
24.837156 80.631
25.017136 80.635
25.198421 80.639
25.381020 80.643
25.564941 80.647
25.750195 80.650
25.936790 80.654
26.124741 80.657
26.314051 80.661
26.504732 80.664
26.696796 80.667
26.890253 80.670
27.085112 80.673
27.281382 80.675
27.479073 80.677
27.678198 80.680
27.878765 80.682
28.080786 80.684
28.284271 80.686
28.489231 80.688
28.695675 80.689
28.903616 80.691
29.113064 80.692
29.324028 80.693
29.536524 80.695
29.750557 80.696
29.966141 80.697
30.183289 80.698
30.402010 80.698
30.622314 80.698
30.844217 80.698
31.067726 80.698
31.292856 80.698
31.519617 80.697
31.748020 80.697
31.978081 80.696
32.209808 80.696
32.443211 80.695
32.678310 80.695
32.915108 80.694
33.153625 80.693
33.393871 80.692
33.635857 80.690
33.879597 80.689
34.125103 80.688
34.372387 80.686
34.621464 80.685
34.872345 80.684
35.125042 80.682
35.379574 80.681
35.635948 80.679
35.894180 80.677
36.154285 80.675
36.416275 80.673
36.680161 80.672
36.945961 80.670
37.213688 80.668
37.483353 80.667
37.754974 80.665
38.028561 80.664
38.304131 80.662
38.581699 80.660
38.861279 80.658
39.142883 80.657
39.426529 80.655
39.712231 80.654
40.000000 80.652
40.289856 80.651
40.581814 80.650
40.875885 80.649
41.172089 80.648
41.470440 80.647
41.770950 80.646
42.073643 80.645
42.378525 80.644
42.685616 80.643
42.994934 80.643
43.306492 80.642
43.620308 80.642
43.936401 80.642
44.254780 80.642
44.575470 80.641
44.898483 80.641
45.223835 80.641
45.551544 80.641
45.881630 80.641
46.214108 80.642
46.548996 80.642
46.886307 80.642
47.226067 80.642
47.568283 80.643
47.912983 80.644
48.260181 80.645
48.609894 80.646
48.962143 80.647
49.316940 80.647
49.674313 80.648
50.034271 80.649
50.396843 80.650
50.762039 80.652
51.129883 80.653
51.500389 80.655
51.873581 80.656
52.249481 80.657
52.628101 80.659
53.009464 80.660
53.393593 80.661
53.780506 80.663
54.170223 80.665
54.562763 80.666
54.958145 80.668
55.356396 80.669
55.757530 80.671
56.161572 80.673
56.568542 80.675
56.978462 80.677
57.391350 80.678
57.807232 80.680
58.226128 80.681
58.648056 80.683
59.073048 80.685
59.501114 80.687
59.932281 80.689
60.366577 80.690
60.804020 80.692
61.244629 80.694
61.688435 80.695
62.135452 80.697
62.585712 80.698
63.039234 80.700
63.496040 80.701
63.956161 80.703
64.419617 80.704
64.886421 80.706
65.356621 80.708
65.830215 80.710
66.307251 80.711
66.787743 80.713
67.271713 80.714
67.759193 80.716
68.250206 80.717
68.744774 80.718
69.242928 80.719
69.744690 80.721
70.250084 80.722
70.759148 80.723
71.271896 80.723
71.788361 80.725
72.308571 80.726
72.832550 80.727
73.360321 80.728
73.891922 80.728
74.427376 80.729
74.966705 80.730
75.509949 80.731
76.057121 80.732
76.608261 80.732
77.163399 80.733
77.722557 80.734
78.285767 80.734
78.853058 80.735
79.424461 80.736
80.000000 80.737
80.579712 80.738
81.163628 80.738
81.751770 80.739
82.344177 80.739
82.940880 80.740
83.541901 80.741
84.147285 80.741
84.757050 80.741
85.371231 80.742
85.989868 80.742
86.612984 80.743
87.240616 80.742
87.872803 80.743
88.509560 80.744
89.150940 80.744
89.796967 80.744
90.447670 80.744
91.103088 80.744
91.763260 80.744
92.428215 80.744
93.097992 80.744
93.772614 80.744
94.452133 80.743
95.136566 80.743
95.825966 80.742
96.520363 80.742
97.219788 80.741
97.924286 80.740
98.633881 80.739
99.348625 80.738
100.068542 80.737
100.793686 80.736
101.524078 80.734
102.259766 80.732
103.000778 80.731
103.747162 80.729
104.498962 80.728
105.256203 80.726
106.018929 80.724
106.787186 80.722
107.561012 80.719
108.340446 80.717
109.125526 80.715
109.916290 80.712
110.712791 80.709
111.515060 80.707
112.323143 80.704
113.137085 80.701
113.956924 80.698
114.782700 80.695
115.614464 80.692
116.452255 80.688
117.296112 80.685
118.146095 80.681
119.002228 80.678
119.864563 80.674
120.733154 80.671
121.608040 80.667
122.489258 80.663
123.376869 80.659
124.270905 80.656
125.171425 80.652
126.078468 80.648
126.992081 80.644
127.912323 80.640
128.839233 80.636
129.772842 80.632
130.713242 80.628
131.660431 80.624
132.614502 80.620
133.575485 80.616
134.543427 80.612
135.518387 80.608
136.500412 80.605
137.489548 80.601
138.485855 80.598
139.489380 80.594
140.500168 80.591
141.518295 80.587
142.543793 80.584
143.576721 80.580
144.617142 80.577
145.665100 80.574
146.720642 80.571
147.783844 80.568
148.854752 80.564
149.933411 80.561
151.019897 80.558
152.114243 80.556
153.216522 80.553
154.326797 80.550
155.445114 80.547
156.571533 80.545
157.706116 80.543
158.848923 80.541
160.000000 80.539
161.159424 80.536
162.327255 80.534
163.503540 80.532
164.688354 80.530
165.881760 80.528
167.083801 80.526
168.294571 80.524
169.514099 80.521
170.742462 80.520
171.979736 80.518
173.225967 80.517
174.481232 80.515
175.745605 80.514
177.019119 80.512
178.301880 80.511
179.593933 80.509
180.895340 80.508
182.206177 80.507
183.526520 80.506
184.856430 80.505
186.195984 80.504
187.545227 80.503
188.904266 80.502
190.273132 80.502
191.651932 80.501
193.040726 80.501
194.439575 80.500
195.848572 80.500
197.267761 80.500
198.697250 80.500
200.137085 80.500
201.587372 80.500
203.048157 80.500
204.519531 80.501
206.001556 80.502
207.494324 80.503
208.997925 80.504
210.512405 80.506
212.037857 80.507
213.574371 80.508
215.122025 80.510
216.680893 80.511
218.251053 80.513
219.832581 80.515
221.425583 80.518
223.030121 80.520
224.646286 80.523
226.274170 80.525
227.913849 80.529
229.565399 80.533
231.228928 80.536
232.904510 80.540
234.592224 80.544
236.292191 80.547
238.004456 80.551
239.729126 80.555
241.466309 80.560
243.216080 80.565
244.978516 80.570
246.753738 80.575
248.541809 80.580
250.342850 80.585
252.156937 80.590
253.984161 80.596
255.824646 80.601
257.678467 80.606
259.545685 80.612
261.426483 80.618
263.320862 80.623
265.229004 80.629
267.150970 80.634
269.086853 80.640
271.036774 80.646
273.000824 80.651
274.979095 80.657
276.971710 80.662
278.978760 80.668
281.000336 80.674
283.036591 80.680
285.087585 80.686
287.153442 80.692
289.234283 80.699
291.330200 80.705
293.441284 80.711
295.567688 80.717
297.709503 80.723
299.866821 80.730
302.039795 80.736
304.228485 80.743
306.433044 80.749
308.653595 80.756
310.890228 80.763
313.143066 80.769
315.412231 80.776
317.697845 80.783
320.000000 80.790
322.318848 80.797
324.654510 80.803
327.007080 80.810
329.376709 80.818
331.763519 80.825
334.167603 80.832
336.589142 80.839
339.028198 80.846
341.484924 80.854
343.959473 80.861
346.451935 80.869
348.962463 80.876
351.491211 80.884
354.038239 80.892
356.603760 80.900
359.187866 80.907
361.790680 80.915
364.412354 80.922
367.053040 80.930
369.712860 80.938
372.391968 80.945
375.090454 80.952
377.808533 80.960
380.546265 80.967
383.303864 80.975
386.081451 80.982
388.879150 80.989
391.697144 80.995
394.535522 81.002
397.394501 81.008
400.274170 81.014
403.174744 81.021
406.096313 81.027
409.039062 81.033
412.003113 81.039
414.988647 81.045
417.995850 81.050
421.024811 81.055
424.075714 81.060
427.148743 81.065
430.244049 81.070
433.361786 81.075
436.502106 81.079
439.665161 81.083
442.851166 81.087
446.060242 81.091
449.292572 81.096
452.548340 81.100
455.827698 81.104
459.130798 81.108
462.457855 81.111
465.809021 81.115
469.184448 81.119
472.584381 81.122
476.008911 81.126
479.458252 81.129
482.932617 81.132
486.432159 81.134
489.957031 81.137
493.507477 81.140
497.083618 81.143
500.685699 81.145
504.313873 81.148
507.968323 81.150
511.649292 81.151
515.356934 81.153
519.091370 81.155
522.852966 81.156
526.641724 81.158
530.458008 81.159
534.301941 81.160
538.173706 81.162
542.073547 81.163
546.001648 81.164
549.958191 81.165
553.943420 81.166
557.957520 81.168
562.000671 81.169
566.073181 81.170
570.175171 81.171
574.306885 81.172
578.468567 81.174
582.660400 81.175
586.882568 81.176
591.135376 81.177
595.419006 81.178
599.733643 81.180
604.079590 81.181
608.456970 81.181
612.866089 81.182
617.307190 81.183
621.780457 81.184
626.286133 81.184
630.824463 81.184
635.395691 81.184
640.000000 81.184
644.637695 81.184
649.309021 81.183
654.014160 81.183
658.753418 81.182
663.527039 81.180
668.335205 81.179
673.178284 81.177
678.056396 81.175
682.969849 81.173
687.918945 81.171
692.903870 81.168
697.924927 81.165
702.982422 81.162
708.076477 81.159
713.207520 81.156
718.375732 81.153
723.581360 81.150
728.824707 81.147
734.106079 81.145
739.425720 81.143
744.783936 81.141
750.180908 81.139
755.617065 81.138
761.092529 81.137
766.607727 81.136
772.162903 81.135
777.758301 81.136
783.394287 81.137
789.071045 81.139
794.789001 81.141
800.548340 81.144
806.349487 81.147
812.192627 81.152
818.078125 81.156
824.006226 81.162
829.977295 81.168
835.991699 81.175
842.049622 81.183
848.151428 81.192
854.297485 81.201
860.488098 81.211
866.723572 81.222
873.004211 81.234
879.330322 81.246
885.702332 81.258
892.120483 81.272
898.585144 81.286
905.096680 81.301
911.655396 81.316
918.261597 81.333
924.915710 81.349
931.618042 81.367
938.368896 81.385
945.168762 81.404
952.017822 81.424
958.916504 81.444
965.865234 81.465
972.864319 81.488
979.914062 81.511
987.014954 81.536
994.167236 81.562
1001.371399 81.589
1008.627747 81.618
1015.936646 81.647
1023.298584 81.678
1030.713867 81.710
1038.182739 81.743
1045.705933 81.777
1053.283447 81.811
1060.916016 81.846
1068.603882 81.882
1076.347412 81.918
1084.147095 81.954
1092.003296 81.990
1099.916382 82.025
1107.886841 82.060
1115.915039 82.094
1124.001343 82.128
1132.146362 82.160
1140.350342 82.192
1148.613770 82.223
1156.937134 82.253
1165.320801 82.282
1173.765137 82.310
1182.270752 82.338
1190.838013 82.366
1199.467285 82.393
1208.159180 82.421
1216.913940 82.449
1225.732178 82.477
1234.614380 82.505
1243.560913 82.533
1252.572266 82.562
1261.648926 82.592
1270.791382 82.622
1280.000000 82.652
1289.275391 82.684
1298.618042 82.717
1308.028320 82.750
1317.506836 82.784
1327.054077 82.819
1336.670410 82.855
1346.356567 82.891
1356.112793 82.929
1365.939697 82.967
1375.837891 83.006
1385.807739 83.046
1395.849854 83.087
1405.964844 83.129
1416.152954 83.171
1426.415039 83.213
1436.751465 83.257
1447.162720 83.301
1457.649414 83.346
1468.212158 83.392
1478.851440 83.439
1489.567871 83.487
1500.361816 83.536
1511.234131 83.585
1522.185059 83.636
1533.215454 83.688
1544.325806 83.740
1555.516602 83.794
1566.788574 83.848
1578.142090 83.904
1589.578003 83.959
1601.096680 84.016
1612.698975 84.074
1624.385254 84.132
1636.156250 84.192
1648.012451 84.252
1659.954590 84.313
1671.983398 84.375
1684.099243 84.438
1696.302856 84.502
1708.594971 84.568
1720.976196 84.635
1733.447144 84.703
1746.008423 84.773
1758.660645 84.845
1771.404663 84.918
1784.240967 84.994
1797.170288 85.071
1810.193359 85.149
1823.310791 85.230
1836.523193 85.313
1849.831421 85.398
1863.236084 85.485
1876.737793 85.573
1890.337524 85.664
1904.035645 85.757
1917.833008 85.853
1931.730469 85.950
1945.728638 86.050
1959.828125 86.151
1974.029907 86.256
1988.334473 86.363
2002.742798 86.472
2017.255493 86.584
2031.873291 86.698
2046.597168 86.816
2061.427734 86.935
2076.365479 87.058
2091.411865 87.182
2106.566895 87.310
2121.832031 87.439
2137.207764 87.571
2152.694824 87.705
2168.294189 87.841
2184.006592 87.977
2199.832764 88.116
2215.773682 88.256
2231.830078 88.396
2248.002686 88.537
2264.292725 88.679
2280.700684 88.820
2297.227539 88.958
2313.874268 89.094
2330.641602 89.227
2347.530273 89.354
2364.541504 89.475
2381.676025 89.590
2398.934570 89.700
2416.318359 89.806
2433.827881 89.906
2451.464355 90.002
2469.228760 90.095
2487.121826 90.184
2505.144531 90.269
2523.297852 90.352
2541.582764 90.434
2560.000000 90.516
2578.550781 90.599
2597.236084 90.686
2616.056641 90.777
2635.013672 90.872
2654.108154 90.968
2673.340820 91.064
2692.713135 91.159
2712.225586 91.249
2731.879395 91.335
2751.675781 91.416
2771.615479 91.491
2791.699707 91.561
2811.929688 91.625
2832.305908 91.684
2852.830078 91.738
2873.502930 91.786
2894.325439 91.830
2915.298828 91.869
2936.424316 91.904
2957.702881 91.934
2979.135742 91.960
3000.723633 91.982
3022.468262 92.000
3044.370117 92.015
3066.430908 92.025
3088.651611 92.031
3111.033203 92.034
3133.577148 92.033
3156.284180 92.027
3179.156006 92.019
3202.193359 92.007
3225.397949 91.991
3248.770508 91.972
3272.312500 91.950
3296.024902 91.923
3319.909180 91.893
3343.966797 91.860
3368.198486 91.824
3392.605713 91.785
3417.189941 91.743
3441.952393 91.698
3466.894287 91.651
3492.016846 91.602
3517.321289 91.551
3542.809326 91.498
3568.481934 91.443
3594.340576 91.386
3620.386719 91.329
3646.621582 91.269
3673.046387 91.209
3699.662842 91.146
3726.472168 91.084
3753.475586 91.020
3780.675049 90.955
3808.071289 90.890
3835.666016 90.825
3863.460938 90.760
3891.457275 90.695
3919.656250 90.630
3948.059814 90.566
3976.668945 90.502
4005.485596 90.440
4034.510986 90.379
4063.746582 90.319
4093.194336 90.261
4122.855469 90.204
4152.730957 90.150
4182.823730 90.099
4213.133789 90.050
4243.664062 90.003
4274.415527 89.959
4305.389648 89.918
4336.588379 89.881
4368.013184 89.846
4399.665527 89.814
4431.547363 89.784
4463.660156 89.756
4496.005371 89.730
4528.585449 89.705
4561.401367 89.682
4594.455078 89.659
4627.748535 89.637
4661.283203 89.613
4695.060547 89.590
4729.083008 89.565
4763.352051 89.540
4797.869141 89.512
4832.636719 89.483
4867.655762 89.452
4902.928711 89.418
4938.457520 89.382
4974.243652 89.344
5010.289062 89.303
5046.595703 89.259
5083.165527 89.213
5120.000000 89.165
5157.101562 89.115
5194.472168 89.062
5232.113281 89.008
5270.027344 88.953
5308.216309 88.896
5346.681641 88.838
5385.426270 88.780
5424.451172 88.722
5463.758789 88.664
5503.351562 88.606
5543.230957 88.549
5583.399414 88.494
5623.859375 88.439
5664.611816 88.386
5705.660156 88.334
5747.005859 88.284
5788.650879 88.237
5830.597656 88.193
5872.848633 88.150
5915.405762 88.111
5958.271484 88.074
6001.447266 88.041
6044.936523 88.011
6088.740234 87.984
6132.861816 87.961
6177.303223 87.941
6222.066406 87.924
6267.154297 87.912
6312.568359 87.904
6358.312012 87.899
6404.386719 87.898
6450.795898 87.900
6497.541016 87.906
6544.625000 87.916
6592.049805 87.929
6639.818359 87.945
6687.933594 87.965
6736.396973 87.987
6785.211426 88.012
6834.379883 88.039
6883.904785 88.069
6933.788574 88.100
6984.033691 88.132
7034.642578 88.165
7085.618652 88.198
7136.963867 88.231
7188.681152 88.264
7240.773438 88.294
7293.243164 88.323
7346.092773 88.349
7399.325684 88.372
7452.944336 88.391
7506.951172 88.405
7561.350098 88.414
7616.142578 88.418
7671.332031 88.415
7726.921875 88.405
7782.914551 88.388
7839.312500 88.362
7896.119629 88.328
7953.337891 88.285
8010.971191 88.232
8069.021973 88.169
8127.493164 88.095
8186.388672 88.011
8245.710938 87.915
8305.461914 87.809
8365.647461 87.692
8426.267578 87.563
8487.328125 87.424
8548.831055 87.273
8610.779297 87.112
8673.176758 86.940
8736.026367 86.760
8799.331055 86.571
8863.094727 86.373
8927.320312 86.170
8992.010742 85.962
9057.170898 85.751
9122.802734 85.538
9188.910156 85.325
9255.497070 85.114
9322.566406 84.905
9390.121094 84.700
9458.166016 84.501
9526.704102 84.307
9595.738281 84.121
9665.273438 83.941
9735.311523 83.768
9805.857422 83.604
9876.915039 83.448
9948.487305 83.301
10020.578125 83.166
10093.191406 83.042
10166.331055 82.929
10240.000000 82.827
10314.203125 82.734
10388.944336 82.647
10464.226562 82.560
10540.054688 82.465
10616.432617 82.354
10693.363281 82.218
10770.852539 82.048
10848.902344 81.842
10927.517578 81.600
11006.703125 81.327
11086.461914 81.034
11166.798828 80.729
11247.718750 80.427
11329.223633 80.136
11411.320312 79.864
11494.011719 79.627
11577.301758 79.430
11661.195312 79.256
11745.697266 79.108
11830.811523 79.011
11916.542969 78.944
12002.894531 78.896
12089.873047 78.872
12177.480469 78.890
12265.723633 78.945
12354.606445 79.022
12444.132812 79.118
12534.308594 79.241
12625.136719 79.379
12716.624023 79.529
12808.773438 79.694
12901.591797 79.868
12995.082031 80.046
13089.250000 80.227
13184.099609 80.409
13279.636719 80.594
13375.867188 80.779
13472.793945 80.960
13570.422852 81.137
13668.759766 81.308
13767.809570 81.472
13867.577148 81.628
13968.067383 81.773
14069.285156 81.907
14171.237305 82.032
14273.927734 82.149
14377.362305 82.256
14481.546875 82.350
14586.486328 82.433
14692.185547 82.506
14798.651367 82.572
14905.888672 82.629
15013.902344 82.679
15122.700195 82.723
15232.285156 82.760
15342.664062 82.792
15453.843750 82.818
15565.829102 82.838
15678.625000 82.850
15792.239258 82.854
15906.675781 82.848
16021.942383 82.830
16138.043945 82.798
16254.986328 82.752
16372.777344 82.689
16491.421875 82.609
16610.923828 82.510
16731.294922 82.391
16852.535156 82.252
16974.656250 82.091
17097.662109 81.910
17221.558594 81.707
17346.353516 81.482
17472.052734 81.234
17598.662109 80.962
17726.189453 80.665
17854.640625 80.341
17984.021484 79.989
18114.341797 79.607
18245.605469 79.192
18377.820312 78.742
18510.994141 78.257
18645.132812 77.735
18780.242188 77.176
18916.332031 76.580
19053.408203 75.949
19191.476562 75.285
19330.546875 74.591
19470.623047 73.847
19611.714844 73.005
19753.830078 72.043
19896.974609 70.884
