20.000000 82.746
20.144928 82.796
20.290907 83.552
20.437943 83.663
20.586044 83.683
20.735220 83.691
20.885475 83.698
21.036821 83.705
21.189262 83.712
21.342808 83.718
21.497467 83.724
21.653246 83.731
21.810154 83.737
21.968201 83.743
22.127390 83.749
22.287735 83.754
22.449242 83.760
22.611917 83.765
22.775772 83.770
22.940815 83.775
23.107054 83.781
23.274498 83.786
23.443153 83.791
23.613033 83.796
23.784142 83.801
23.956491 83.806
24.130091 83.810
24.304947 83.815
24.481071 83.820
24.658470 83.824
24.837156 83.828
25.017136 83.833
25.198421 83.837
25.381020 83.840
25.564941 83.844
25.750195 83.848
25.936790 83.851
26.124741 83.855
26.314051 83.858
26.504732 83.862
26.696796 83.865
26.890253 83.868
27.085112 83.871
27.281382 83.873
27.479073 83.875
27.678198 83.877
27.878765 83.880
28.080786 83.882
28.284271 83.883
28.489231 83.885
28.695675 83.887
28.903616 83.888
29.113064 83.890
29.324028 83.891
29.536524 83.892
29.750557 83.893
29.966141 83.894
30.183289 83.895
30.402010 83.895
30.622314 83.896
30.844217 83.896
31.067726 83.895
31.292856 83.895
31.519617 83.895
31.748020 83.895
31.978081 83.894
32.209808 83.894
32.443211 83.893
32.678310 83.892
32.915108 83.891
33.153625 83.890
33.393871 83.889
33.635857 83.888
33.879597 83.887
34.125103 83.886
34.372387 83.885
34.621464 83.883
34.872345 83.882
35.125042 83.880
35.379574 83.878
35.635948 83.877
35.894180 83.875
36.154285 83.873
36.416275 83.871
36.680161 83.870
36.945961 83.868
37.213688 83.866
37.483353 83.865
37.754974 83.863
38.028561 83.861
38.304131 83.859
38.581699 83.858
38.861279 83.856
39.142883 83.854
39.426529 83.853
39.712231 83.851
40.000000 83.850
40.289856 83.849
40.581814 83.848
40.875885 83.846
41.172089 83.845
41.470440 83.844
41.770950 83.844
42.073643 83.843
42.378525 83.842
42.685616 83.841
42.994934 83.840
43.306492 83.840
43.620308 83.840
43.936401 83.839
44.254780 83.839
44.575470 83.839
44.898483 83.839
45.223835 83.839
45.551544 83.839
45.881630 83.839
46.214108 83.839
46.548996 83.840
46.886307 83.840
47.226067 83.841
47.568283 83.842
47.912983 83.842
48.260181 83.843
48.609894 83.844
48.962143 83.845
49.316940 83.846
49.674313 83.847
50.034271 83.848
50.396843 83.849
50.762039 83.850
51.129883 83.851
51.500389 83.852
51.873581 83.854
52.249481 83.855
52.628101 83.856
53.009464 83.858
53.393593 83.859
53.780506 83.860
54.170223 83.862
54.562763 83.864
54.958145 83.865
55.356396 83.867
55.757530 83.869
56.161572 83.870
56.568542 83.872
56.978462 83.874
57.391350 83.876
57.807232 83.877
58.226128 83.879
58.648056 83.880
59.073048 83.882
59.501114 83.884
59.932281 83.886
60.366577 83.888
60.804020 83.889
61.244629 83.891
61.688435 83.893
62.135452 83.894
62.585712 83.896
63.039234 83.898
63.496040 83.899
63.956161 83.901
64.419617 83.902
64.886421 83.904
65.356621 83.906
65.830215 83.907
66.307251 83.909
66.787743 83.910
67.271713 83.912
67.759193 83.913
68.250206 83.914
68.744774 83.916
69.242928 83.917
69.744690 83.918
70.250084 83.919
70.759148 83.920
71.271896 83.921
71.788361 83.922
72.308571 83.923
72.832550 83.924
73.360321 83.925
73.891922 83.926
74.427376 83.927
74.966705 83.928
75.509949 83.929
76.057121 83.930
76.608261 83.930
77.163399 83.931
77.722557 83.932
78.285767 83.933
78.853058 83.933
79.424461 83.934
80.000000 83.934
80.579712 83.935
81.163628 83.936
81.751770 83.937
82.344177 83.937
82.940880 83.938
83.541901 83.938
84.147285 83.939
84.757050 83.939
85.371231 83.940
85.989868 83.940
86.612984 83.940
87.240616 83.940
87.872803 83.940
88.509560 83.941
89.150940 83.941
89.796967 83.941
90.447670 83.941
91.103088 83.941
91.763260 83.941
92.428215 83.941
93.097992 83.941
93.772614 83.940
94.452133 83.940
95.136566 83.940
95.825966 83.939
96.520363 83.938
97.219788 83.938
97.924286 83.937
98.633881 83.936
99.348625 83.936
100.068542 83.935
100.793686 83.934
101.524078 83.934
102.259766 83.933
103.000778 83.933
103.747162 83.933
104.498962 83.932
105.256203 83.932
106.018929 83.933
106.787186 83.933
107.561012 83.933
108.340446 83.934
109.125526 83.934
109.916290 83.935
110.712791 83.936
111.515060 83.937
112.323143 83.938
113.137085 83.939
113.956924 83.940
114.782700 83.941
115.614464 83.942
116.452255 83.943
117.296112 83.944
118.146095 83.945
119.002228 83.946
119.864563 83.947
120.733154 83.947
121.608040 83.948
122.489258 83.948
123.376869 83.948
124.270905 83.948
125.171425 83.948
126.078468 83.947
126.992081 83.947
127.912323 83.945
128.839233 83.944
129.772842 83.943
130.713242 83.941
131.660431 83.939
132.614502 83.938
133.575485 83.936
134.543427 83.934
135.518387 83.932
136.500412 83.930
137.489548 83.928
138.485855 83.926
139.489380 83.925
140.500168 83.923
141.518295 83.921
142.543793 83.919
143.576721 83.918
144.617142 83.916
145.665100 83.914
146.720642 83.912
147.783844 83.910
148.854752 83.909
149.933411 83.907
151.019897 83.905
152.114243 83.903
153.216522 83.902
154.326797 83.900
155.445114 83.899
156.571533 83.898
157.706116 83.896
158.848923 83.895
160.000000 83.894
161.159424 83.892
162.327255 83.891
163.503540 83.890
164.688354 83.888
165.881760 83.887
167.083801 83.885
168.294571 83.884
169.514099 83.883
170.742462 83.882
171.979736 83.881
173.225967 83.880
174.481232 83.879
175.745605 83.878
177.019119 83.877
178.301880 83.876
179.593933 83.875
180.895340 83.874
182.206177 83.873
183.526520 83.872
184.856430 83.871
186.195984 83.870
187.545227 83.869
188.904266 83.868
190.273132 83.867
191.651932 83.867
193.040726 83.867
194.439575 83.866
195.848572 83.865
197.267761 83.865
198.697250 83.864
200.137085 83.864
201.587372 83.864
203.048157 83.863
204.519531 83.863
206.001556 83.862
207.494324 83.862
208.997925 83.862
210.512405 83.862
212.037857 83.862
213.574371 83.862
215.122025 83.862
216.680893 83.862
218.251053 83.863
219.832581 83.863
221.425583 83.863
223.030121 83.864
224.646286 83.865
226.274170 83.866
227.913849 83.867
229.565399 83.868
231.228928 83.870
232.904510 83.872
234.592224 83.874
236.292191 83.876
238.004456 83.879
239.729126 83.881
241.466309 83.884
243.216080 83.887
244.978516 83.890
246.753738 83.894
248.541809 83.897
250.342850 83.901
252.156937 83.904
253.984161 83.908
255.824646 83.912
257.678467 83.917
259.545685 83.921
261.426483 83.925
263.320862 83.930
265.229004 83.934
267.150970 83.939
269.086853 83.943
271.036774 83.947
273.000824 83.952
274.979095 83.956
276.971710 83.961
278.978760 83.966
281.000336 83.971
283.036591 83.976
285.087585 83.982
287.153442 83.987
289.234283 83.992
291.330200 83.997
293.441284 84.002
295.567688 84.007
297.709503 84.013
299.866821 84.018
302.039795 84.023
304.228485 84.028
306.433044 84.033
308.653595 84.037
310.890228 84.042
313.143066 84.047
315.412231 84.052
317.697845 84.057
320.000000 84.063
322.318848 84.068
324.654510 84.073
327.007080 84.079
329.376709 84.084
331.763519 84.090
334.167603 84.096
336.589142 84.102
339.028198 84.107
341.484924 84.113
343.959473 84.119
346.451935 84.126
348.962463 84.132
351.491211 84.139
354.038239 84.145
356.603760 84.151
359.187866 84.158
361.790680 84.164
364.412354 84.171
367.053040 84.177
369.712860 84.183
372.391968 84.189
375.090454 84.196
377.808533 84.202
380.546265 84.208
383.303864 84.214
386.081451 84.220
388.879150 84.226
391.697144 84.232
394.535522 84.237
397.394501 84.243
400.274170 84.249
403.174744 84.255
406.096313 84.261
409.039062 84.267
412.003113 84.274
414.988647 84.280
417.995850 84.286
421.024811 84.292
424.075714 84.298
427.148743 84.303
430.244049 84.308
433.361786 84.313
436.502106 84.318
439.665161 84.323
442.851166 84.327
446.060242 84.332
449.292572 84.336
452.548340 84.341
455.827698 84.345
459.130798 84.350
462.457855 84.354
465.809021 84.358
469.184448 84.362
472.584381 84.366
476.008911 84.369
479.458252 84.373
482.932617 84.376
486.432159 84.379
489.957031 84.382
493.507477 84.385
497.083618 84.388
500.685699 84.390
504.313873 84.393
507.968323 84.395
511.649292 84.398
515.356934 84.400
519.091370 84.401
522.852966 84.403
526.641724 84.404
530.458008 84.406
534.301941 84.408
538.173706 84.409
542.073547 84.410
546.001648 84.410
549.958191 84.411
553.943420 84.412
557.957520 84.412
562.000671 84.413
566.073181 84.414
570.175171 84.414
574.306885 84.414
578.468567 84.415
582.660400 84.415
586.882568 84.416
591.135376 84.416
595.419006 84.416
599.733643 84.416
604.079590 84.415
608.456970 84.415
612.866089 84.413
617.307190 84.412
621.780457 84.409
626.286133 84.406
630.824463 84.403
635.395691 84.398
640.000000 84.393
644.637695 84.388
649.309021 84.382
654.014160 84.375
658.753418 84.368
663.527039 84.361
668.335205 84.353
673.178284 84.344
678.056396 84.336
682.969849 84.327
687.918945 84.319
692.903870 84.311
697.924927 84.302
702.982422 84.294
708.076477 84.286
713.207520 84.277
718.375732 84.269
723.581360 84.262
728.824707 84.254
734.106079 84.247
739.425720 84.241
744.783936 84.235
750.180908 84.229
755.617065 84.224
761.092529 84.220
766.607727 84.216
772.162903 84.214
777.758301 84.212
783.394287 84.211
789.071045 84.211
794.789001 84.212
800.548340 84.215
806.349487 84.218
812.192627 84.223
818.078125 84.229
824.006226 84.235
829.977295 84.243
835.991699 84.252
842.049622 84.262
848.151428 84.273
854.297485 84.286
860.488098 84.299
866.723572 84.313
873.004211 84.328
879.330322 84.343
885.702332 84.360
892.120483 84.377
898.585144 84.395
905.096680 84.414
911.655396 84.433
918.261597 84.453
924.915710 84.473
931.618042 84.494
938.368896 84.516
945.168762 84.539
952.017822 84.562
958.916504 84.586
965.865234 84.611
972.864319 84.637
979.914062 84.663
987.014954 84.691
994.167236 84.719
1001.371399 84.749
1008.627747 84.780
1015.936646 84.812
1023.298584 84.845
1030.713867 84.879
1038.182739 84.914
1045.705933 84.950
1053.283447 84.986
1060.916016 85.023
1068.603882 85.060
1076.347412 85.098
1084.147095 85.135
1092.003296 85.172
1099.916382 85.209
1107.886841 85.245
1115.915039 85.281
1124.001343 85.316
1132.146362 85.350
1140.350342 85.383
1148.613770 85.416
1156.937134 85.448
1165.320801 85.480
1173.765137 85.511
1182.270752 85.541
1190.838013 85.571
1199.467285 85.602
1208.159180 85.633
1216.913940 85.663
1225.732178 85.694
1234.614380 85.725
1243.560913 85.756
1252.572266 85.788
1261.648926 85.819
1270.791382 85.851
1280.000000 85.883
1289.275391 85.917
1298.618042 85.951
1308.028320 85.986
1317.506836 86.021
1327.054077 86.058
1336.670410 86.096
1346.356567 86.135
1356.112793 86.176
1365.939697 86.218
1375.837891 86.261
1385.807739 86.305
1395.849854 86.351
1405.964844 86.397
1416.152954 86.444
1426.415039 86.493
1436.751465 86.542
1447.162720 86.592
1457.649414 86.644
1468.212158 86.697
1478.851440 86.751
1489.567871 86.806
1500.361816 86.863
1511.234131 86.922
1522.185059 86.981
1533.215454 87.043
1544.325806 87.105
1555.516602 87.170
1566.788574 87.235
1578.142090 87.303
1589.578003 87.372
1601.096680 87.443
1612.698975 87.516
1624.385254 87.591
1636.156250 87.668
1648.012451 87.747
1659.954590 87.827
1671.983398 87.909
1684.099243 87.992
1696.302856 88.077
1708.594971 88.163
1720.976196 88.251
1733.447144 88.340
1746.008423 88.431
1758.660645 88.523
1771.404663 88.617
1784.240967 88.712
1797.170288 88.809
1810.193359 88.907
1823.310791 89.006
1836.523193 89.107
1849.831421 89.209
1863.236084 89.312
1876.737793 89.416
1890.337524 89.522
1904.035645 89.629
1917.833008 89.738
1931.730469 89.848
1945.728638 89.961
1959.828125 90.077
1974.029907 90.197
1988.334473 90.322
2002.742798 90.452
2017.255493 90.587
2031.873291 90.726
2046.597168 90.870
2061.427734 91.017
2076.365479 91.168
2091.411865 91.321
2106.566895 91.477
2121.832031 91.633
2137.207764 91.792
2152.694824 91.951
2168.294189 92.112
2184.006592 92.273
2199.832764 92.434
2215.773682 92.596
2231.830078 92.758
2248.002686 92.919
2264.292725 93.080
2280.700684 93.238
2297.227539 93.395
2313.874268 93.547
2330.641602 93.695
2347.530273 93.837
2364.541504 93.972
2381.676025 94.101
2398.934570 94.225
2416.318359 94.342
2433.827881 94.450
2451.464355 94.550
2469.228760 94.643
2487.121826 94.727
2505.144531 94.802
2523.297852 94.870
2541.582764 94.932
2560.000000 94.990
2578.550781 95.045
2597.236084 95.100
2616.056641 95.155
2635.013672 95.210
2654.108154 95.264
2673.340820 95.318
2692.713135 95.370
2712.225586 95.418
2731.879395 95.461
2751.675781 95.499
2771.615479 95.531
2791.699707 95.556
2811.929688 95.576
2832.305908 95.590
2852.830078 95.599
2873.502930 95.603
2894.325439 95.603
2915.298828 95.598
2936.424316 95.590
2957.702881 95.577
2979.135742 95.561
3000.723633 95.542
3022.468262 95.519
3044.370117 95.492
3066.430908 95.461
3088.651611 95.426
3111.033203 95.387
3133.577148 95.344
3156.284180 95.296
3179.156006 95.244
3202.193359 95.188
3225.397949 95.127
3248.770508 95.063
3272.312500 94.995
3296.024902 94.924
3319.909180 94.851
3343.966797 94.775
3368.198486 94.696
3392.605713 94.615
3417.189941 94.532
3441.952393 94.446
3466.894287 94.359
3492.016846 94.269
3517.321289 94.178
3542.809326 94.085
3568.481934 93.991
3594.340576 93.895
3620.386719 93.797
3646.621582 93.697
3673.046387 93.596
3699.662842 93.494
3726.472168 93.391
3753.475586 93.286
3780.675049 93.180
3808.071289 93.074
3835.666016 92.967
3863.460938 92.860
3891.457275 92.753
3919.656250 92.647
3948.059814 92.541
3976.668945 92.438
4005.485596 92.337
4034.510986 92.239
4063.746582 92.144
4093.194336 92.051
4122.855469 91.960
4152.730957 91.873
4182.823730 91.787
4213.133789 91.703
4243.664062 91.621
4274.415527 91.541
4305.389648 91.464
4336.588379 91.389
4368.013184 91.316
4399.665527 91.245
4431.547363 91.176
4463.660156 91.109
4496.005371 91.043
4528.585449 90.978
4561.401367 90.913
4594.455078 90.849
4627.748535 90.785
4661.283203 90.721
4695.060547 90.656
4729.083008 90.592
4763.352051 90.526
4797.869141 90.459
4832.636719 90.391
4867.655762 90.322
4902.928711 90.253
4938.457520 90.182
4974.243652 90.111
5010.289062 90.040
5046.595703 89.968
5083.165527 89.896
5120.000000 89.824
5157.101562 89.752
5194.472168 89.681
5232.113281 89.610
5270.027344 89.540
5308.216309 89.471
5346.681641 89.404
5385.426270 89.338
5424.451172 89.274
5463.758789 89.213
5503.351562 89.153
5543.230957 89.097
5583.399414 89.044
5623.859375 88.993
5664.611816 88.946
5705.660156 88.901
5747.005859 88.860
5788.650879 88.821
5830.597656 88.786
5872.848633 88.754
5915.405762 88.725
5958.271484 88.699
6001.447266 88.677
6044.936523 88.659
6088.740234 88.644
6132.861816 88.633
6177.303223 88.627
6222.066406 88.626
6267.154297 88.631
6312.568359 88.643
6358.312012 88.661
6404.386719 88.685
6450.795898 88.713
6497.541016 88.745
6544.625000 88.780
6592.049805 88.818
6639.818359 88.857
6687.933594 88.898
6736.396973 88.941
6785.211426 88.983
6834.379883 89.027
6883.904785 89.070
6933.788574 89.113
6984.033691 89.156
7034.642578 89.197
7085.618652 89.237
7136.963867 89.274
7188.681152 89.310
7240.773438 89.342
7293.243164 89.372
7346.092773 89.398
7399.325684 89.420
7452.944336 89.438
7506.951172 89.451
7561.350098 89.460
7616.142578 89.465
7671.332031 89.466
7726.921875 89.462
7782.914551 89.453
7839.312500 89.438
7896.119629 89.415
7953.337891 89.384
8010.971191 89.342
8069.021973 89.290
8127.493164 89.226
8186.388672 89.153
8245.710938 89.070
8305.461914 88.979
8365.647461 88.879
8426.267578 88.772
8487.328125 88.656
8548.831055 88.532
8610.779297 88.399
8673.176758 88.255
8736.026367 88.102
8799.331055 87.939
8863.094727 87.768
8927.320312 87.590
8992.010742 87.404
9057.170898 87.212
9122.802734 87.015
9188.910156 86.814
9255.497070 86.611
9322.566406 86.407
9390.121094 86.203
9458.166016 86.000
9526.704102 85.799
9595.738281 85.602
9665.273438 85.407
9735.311523 85.218
9805.857422 85.033
9876.915039 84.855
9948.487305 84.686
10020.578125 84.527
10093.191406 84.380
10166.331055 84.242
10240.000000 84.112
10314.203125 83.991
10388.944336 83.872
10464.226562 83.752
10540.054688 83.625
10616.432617 83.484
10693.363281 83.324
10770.852539 83.137
10848.902344 82.923
10927.517578 82.681
11006.703125 82.417
11086.461914 82.136
11166.798828 81.849
11247.718750 81.564
11329.223633 81.290
11411.320312 81.032
11494.011719 80.803
11577.301758 80.617
11661.195312 80.465
11745.697266 80.338
11830.811523 80.243
11916.542969 80.185
12002.894531 80.157
12089.873047 80.152
12177.480469 80.175
12265.723633 80.235
12354.606445 80.322
12444.132812 80.426
12534.308594 80.547
12625.136719 80.686
12716.624023 80.838
12808.773438 81.000
12901.591797 81.169
12995.082031 81.340
13089.250000 81.514
13184.099609 81.687
13279.636719 81.859
13375.867188 82.028
13472.793945 82.193
13570.422852 82.352
13668.759766 82.503
13767.809570 82.646
13867.577148 82.779
13968.067383 82.901
14069.285156 83.013
14171.237305 83.118
14273.927734 83.212
14377.362305 83.296
14481.546875 83.368
14586.486328 83.429
14692.185547 83.481
14798.651367 83.525
14905.888672 83.563
15013.902344 83.594
15122.700195 83.619
15232.285156 83.638
15342.664062 83.653
15453.843750 83.663
15565.829102 83.668
15678.625000 83.669
15792.239258 83.666
15906.675781 83.659
16021.942383 83.650
16138.043945 83.639
16254.986328 83.622
16372.777344 83.596
16491.421875 83.560
16610.923828 83.511
16731.294922 83.447
16852.535156 83.365
16974.656250 83.266
17097.662109 83.150
17221.558594 83.015
17346.353516 82.861
17472.052734 82.687
17598.662109 82.491
17726.189453 82.271
17854.640625 82.028
17984.021484 81.758
18114.341797 81.461
18245.605469 81.134
18377.820312 80.773
18510.994141 80.378
18645.132812 79.947
18780.242188 79.481
18916.332031 78.981
19053.408203 78.452
19191.476562 77.897
19330.546875 77.298
19470.623047 76.637
19611.714844 75.953
19753.830078 75.297
19896.974609 74.720
