20.000000 80.720
20.144928 80.740
20.290907 81.497
20.437943 81.609
20.586044 81.630
20.735220 81.640
20.885475 81.649
21.036821 81.657
21.189262 81.664
21.342808 81.672
21.497467 81.679
21.653246 81.687
21.810154 81.694
21.968201 81.700
22.127390 81.707
22.287735 81.713
22.449242 81.719
22.611917 81.725
22.775772 81.730
22.940815 81.736
23.107054 81.741
23.274498 81.747
23.443153 81.752
23.613033 81.757
23.784142 81.762
23.956491 81.767
24.130091 81.771
24.304947 81.776
24.481071 81.781
24.658470 81.785
24.837156 81.789
25.017136 81.793
25.198421 81.797
25.381020 81.801
25.564941 81.805
25.750195 81.808
25.936790 81.812
26.124741 81.815
26.314051 81.819
26.504732 81.822
26.696796 81.825
26.890253 81.828
27.085112 81.831
27.281382 81.833
27.479073 81.835
27.678198 81.838
27.878765 81.840
28.080786 81.842
28.284271 81.844
28.489231 81.846
28.695675 81.848
28.903616 81.849
29.113064 81.851
29.324028 81.852
29.536524 81.853
29.750557 81.854
29.966141 81.855
30.183289 81.855
30.402010 81.856
30.622314 81.856
30.844217 81.856
31.067726 81.856
31.292856 81.856
31.519617 81.855
31.748020 81.855
31.978081 81.855
32.209808 81.854
32.443211 81.854
32.678310 81.853
32.915108 81.852
33.153625 81.851
33.393871 81.850
33.635857 81.848
33.879597 81.847
34.125103 81.846
34.372387 81.845
34.621464 81.844
34.872345 81.842
35.125042 81.840
35.379574 81.839
35.635948 81.837
35.894180 81.836
36.154285 81.834
36.416275 81.832
36.680161 81.830
36.945961 81.829
37.213688 81.827
37.483353 81.825
37.754974 81.823
38.028561 81.822
38.304131 81.820
38.581699 81.819
38.861279 81.817
39.142883 81.815
39.426529 81.813
39.712231 81.812
40.000000 81.811
40.289856 81.810
40.581814 81.809
40.875885 81.807
41.172089 81.806
41.470440 81.805
41.770950 81.804
42.073643 81.804
42.378525 81.803
42.685616 81.802
42.994934 81.801
43.306492 81.801
43.620308 81.801
43.936401 81.800
44.254780 81.800
44.575470 81.800
44.898483 81.800
45.223835 81.800
45.551544 81.800
45.881630 81.800
46.214108 81.800
46.548996 81.800
46.886307 81.801
47.226067 81.801
47.568283 81.802
47.912983 81.803
48.260181 81.803
48.609894 81.805
48.962143 81.806
49.316940 81.806
49.674313 81.807
50.034271 81.808
50.396843 81.809
50.762039 81.811
51.129883 81.812
51.500389 81.813
51.873581 81.814
52.249481 81.816
52.628101 81.817
53.009464 81.818
53.393593 81.820
53.780506 81.821
54.170223 81.823
54.562763 81.825
54.958145 81.826
55.356396 81.828
55.757530 81.830
56.161572 81.831
56.568542 81.833
56.978462 81.835
57.391350 81.837
57.807232 81.838
58.226128 81.840
58.648056 81.841
59.073048 81.843
59.501114 81.845
59.932281 81.847
60.366577 81.848
60.804020 81.850
61.244629 81.852
61.688435 81.853
62.135452 81.855
62.585712 81.857
63.039234 81.858
63.496040 81.860
63.956161 81.861
64.419617 81.863
64.886421 81.865
65.356621 81.867
65.830215 81.868
66.307251 81.870
66.787743 81.871
67.271713 81.873
67.759193 81.874
68.250206 81.875
68.744774 81.877
69.242928 81.878
69.744690 81.879
70.250084 81.880
70.759148 81.881
71.271896 81.882
71.788361 81.883
72.308571 81.884
72.832550 81.885
73.360321 81.885
73.891922 81.886
74.427376 81.888
74.966705 81.889
75.509949 81.889
76.057121 81.890
76.608261 81.891
77.163399 81.892
77.722557 81.892
78.285767 81.893
78.853058 81.893
79.424461 81.894
80.000000 81.895
80.579712 81.896
81.163628 81.896
81.751770 81.897
82.344177 81.898
82.940880 81.899
83.541901 81.899
84.147285 81.899
84.757050 81.900
85.371231 81.901
85.989868 81.901
86.612984 81.901
87.240616 81.901
87.872803 81.901
88.509560 81.902
89.150940 81.902
89.796967 81.902
90.447670 81.902
91.103088 81.902
91.763260 81.902
92.428215 81.902
93.097992 81.902
93.772614 81.902
94.452133 81.901
95.136566 81.901
95.825966 81.900
96.520363 81.900
97.219788 81.899
97.924286 81.898
98.633881 81.898
99.348625 81.896
100.068542 81.895
100.793686 81.894
101.524078 81.892
102.259766 81.891
103.000778 81.890
103.747162 81.888
104.498962 81.886
105.256203 81.884
106.018929 81.882
106.787186 81.880
107.561012 81.878
108.340446 81.875
109.125526 81.873
109.916290 81.870
110.712791 81.868
111.515060 81.865
112.323143 81.862
113.137085 81.860
113.956924 81.857
114.782700 81.853
115.614464 81.850
116.452255 81.847
117.296112 81.844
118.146095 81.840
119.002228 81.836
119.864563 81.832
120.733154 81.829
121.608040 81.825
122.489258 81.822
123.376869 81.818
124.270905 81.814
125.171425 81.810
126.078468 81.807
126.992081 81.803
127.912323 81.799
128.839233 81.794
129.772842 81.790
130.713242 81.786
131.660431 81.783
132.614502 81.779
133.575485 81.775
134.543427 81.771
135.518387 81.767
136.500412 81.764
137.489548 81.760
138.485855 81.756
139.489380 81.753
140.500168 81.750
141.518295 81.746
142.543793 81.743
143.576721 81.739
144.617142 81.736
145.665100 81.733
146.720642 81.729
147.783844 81.726
148.854752 81.723
149.933411 81.720
151.019897 81.717
152.114243 81.714
153.216522 81.711
154.326797 81.709
155.445114 81.706
156.571533 81.704
157.706116 81.702
158.848923 81.699
160.000000 81.697
161.159424 81.695
162.327255 81.693
163.503540 81.690
164.688354 81.688
165.881760 81.686
167.083801 81.684
168.294571 81.682
169.514099 81.680
170.742462 81.678
171.979736 81.676
173.225967 81.675
174.481232 81.674
175.745605 81.672
177.019119 81.671
178.301880 81.669
179.593933 81.668
180.895340 81.667
182.206177 81.665
183.526520 81.664
184.856430 81.664
186.195984 81.663
187.545227 81.662
188.904266 81.661
190.273132 81.660
191.651932 81.660
193.040726 81.659
194.439575 81.659
195.848572 81.659
197.267761 81.659
198.697250 81.659
200.137085 81.659
201.587372 81.659
203.048157 81.659
204.519531 81.660
206.001556 81.661
207.494324 81.661
208.997925 81.662
210.512405 81.664
212.037857 81.665
213.574371 81.667
215.122025 81.669
216.680893 81.670
218.251053 81.672
219.832581 81.674
221.425583 81.677
223.030121 81.679
224.646286 81.682
226.274170 81.684
227.913849 81.687
229.565399 81.691
231.228928 81.694
232.904510 81.698
234.592224 81.702
236.292191 81.706
238.004456 81.710
239.729126 81.714
241.466309 81.719
243.216080 81.724
244.978516 81.729
246.753738 81.734
248.541809 81.739
250.342850 81.744
252.156937 81.749
253.984161 81.754
255.824646 81.759
257.678467 81.765
259.545685 81.771
261.426483 81.776
263.320862 81.782
265.229004 81.788
267.150970 81.793
269.086853 81.799
271.036774 81.804
273.000824 81.810
274.979095 81.815
276.971710 81.821
278.978760 81.827
281.000336 81.833
283.036591 81.839
285.087585 81.845
287.153442 81.851
289.234283 81.857
291.330200 81.863
293.441284 81.869
295.567688 81.875
297.709503 81.882
299.866821 81.888
302.039795 81.895
304.228485 81.902
306.433044 81.908
308.653595 81.914
310.890228 81.921
313.143066 81.928
315.412231 81.934
317.697845 81.941
320.000000 81.948
322.318848 81.955
324.654510 81.962
327.007080 81.969
329.376709 81.976
331.763519 81.983
334.167603 81.990
336.589142 81.998
339.028198 82.005
341.484924 82.012
343.959473 82.019
346.451935 82.027
348.962463 82.035
351.491211 82.043
354.038239 82.050
356.603760 82.058
359.187866 82.065
361.790680 82.073
364.412354 82.081
367.053040 82.088
369.712860 82.096
372.391968 82.103
375.090454 82.111
377.808533 82.118
380.546265 82.126
383.303864 82.133
386.081451 82.140
388.879150 82.147
391.697144 82.153
394.535522 82.160
397.394501 82.166
400.274170 82.172
403.174744 82.179
406.096313 82.185
409.039062 82.191
412.003113 82.197
414.988647 82.203
417.995850 82.208
421.024811 82.214
424.075714 82.219
427.148743 82.224
430.244049 82.228
433.361786 82.233
436.502106 82.237
439.665161 82.241
442.851166 82.245
446.060242 82.249
449.292572 82.253
452.548340 82.257
455.827698 82.261
459.130798 82.265
462.457855 82.268
465.809021 82.272
469.184448 82.276
472.584381 82.279
476.008911 82.283
479.458252 82.286
482.932617 82.289
486.432159 82.291
489.957031 82.294
493.507477 82.297
497.083618 82.300
500.685699 82.302
504.313873 82.305
507.968323 82.307
511.649292 82.309
515.356934 82.311
519.091370 82.312
522.852966 82.313
526.641724 82.315
530.458008 82.316
534.301941 82.318
538.173706 82.319
542.073547 82.321
546.001648 82.322
549.958191 82.323
553.943420 82.324
557.957520 82.325
562.000671 82.326
566.073181 82.328
570.175171 82.329
574.306885 82.330
578.468567 82.331
582.660400 82.332
586.882568 82.333
591.135376 82.335
595.419006 82.336
599.733643 82.337
604.079590 82.338
608.456970 82.339
612.866089 82.339
617.307190 82.340
621.780457 82.341
626.286133 82.341
630.824463 82.341
635.395691 82.341
640.000000 82.341
644.637695 82.341
649.309021 82.340
654.014160 82.340
658.753418 82.339
663.527039 82.337
668.335205 82.336
673.178284 82.334
678.056396 82.331
682.969849 82.329
687.918945 82.327
692.903870 82.324
697.924927 82.321
702.982422 82.319
708.076477 82.316
713.207520 82.313
718.375732 82.310
723.581360 82.307
728.824707 82.304
734.106079 82.302
739.425720 82.300
744.783936 82.298
750.180908 82.296
755.617065 82.295
761.092529 82.294
766.607727 82.293
772.162903 82.292
777.758301 82.293
783.394287 82.294
789.071045 82.296
794.789001 82.298
800.548340 82.301
806.349487 82.304
812.192627 82.309
818.078125 82.313
824.006226 82.319
829.977295 82.325
835.991699 82.332
842.049622 82.339
848.151428 82.348
854.297485 82.357
860.488098 82.367
866.723572 82.378
873.004211 82.390
879.330322 82.402
885.702332 82.414
892.120483 82.428
898.585144 82.442
905.096680 82.457
911.655396 82.472
918.261597 82.488
924.915710 82.504
931.618042 82.522
938.368896 82.540
945.168762 82.559
952.017822 82.579
958.916504 82.600
965.865234 82.621
972.864319 82.644
979.914062 82.667
987.014954 82.692
994.167236 82.718
1001.371399 82.745
1008.627747 82.773
1015.936646 82.802
1023.298584 82.833
1030.713867 82.865
1038.182739 82.897
1045.705933 82.931
1053.283447 82.965
1060.916016 83.000
1068.603882 83.036
1076.347412 83.071
1084.147095 83.107
1092.003296 83.142
1099.916382 83.177
1107.886841 83.212
1115.915039 83.246
1124.001343 83.279
1132.146362 83.312
1140.350342 83.343
1148.613770 83.373
1156.937134 83.403
1165.320801 83.433
1173.765137 83.461
1182.270752 83.489
1190.838013 83.517
1199.467285 83.544
1208.159180 83.572
1216.913940 83.599
1225.732178 83.627
1234.614380 83.655
1243.560913 83.684
1252.572266 83.712
1261.648926 83.742
1270.791382 83.772
1280.000000 83.802
1289.275391 83.834
1298.618042 83.867
1308.028320 83.900
1317.506836 83.933
1327.054077 83.967
1336.670410 84.003
1346.356567 84.039
1356.112793 84.077
1365.939697 84.115
1375.837891 84.154
1385.807739 84.194
1395.849854 84.235
1405.964844 84.276
1416.152954 84.318
1426.415039 84.360
1436.751465 84.403
1447.162720 84.447
1457.649414 84.492
1468.212158 84.537
1478.851440 84.584
1489.567871 84.631
1500.361816 84.680
1511.234131 84.729
1522.185059 84.780
1533.215454 84.831
1544.325806 84.884
1555.516602 84.937
1566.788574 84.991
1578.142090 85.045
1589.578003 85.101
1601.096680 85.157
1612.698975 85.214
1624.385254 85.272
1636.156250 85.332
1648.012451 85.392
1659.954590 85.452
1671.983398 85.514
1684.099243 85.577
1696.302856 85.640
1708.594971 85.706
1720.976196 85.772
1733.447144 85.840
1746.008423 85.910
1758.660645 85.982
1771.404663 86.055
1784.240967 86.129
1797.170288 86.206
1810.193359 86.284
1823.310791 86.364
1836.523193 86.447
1849.831421 86.531
1863.236084 86.617
1876.737793 86.705
1890.337524 86.796
1904.035645 86.888
1917.833008 86.983
1931.730469 87.080
1945.728638 87.179
1959.828125 87.280
1974.029907 87.384
1988.334473 87.490
2002.742798 87.599
2017.255493 87.710
2031.873291 87.823
2046.597168 87.939
2061.427734 88.058
2076.365479 88.180
2091.411865 88.303
2106.566895 88.429
2121.832031 88.558
2137.207764 88.688
2152.694824 88.821
2168.294189 88.955
2184.006592 89.090
2199.832764 89.227
2215.773682 89.365
2231.830078 89.503
2248.002686 89.642
2264.292725 89.780
2280.700684 89.917
2297.227539 90.053
2313.874268 90.186
2330.641602 90.314
2347.530273 90.438
2364.541504 90.555
2381.676025 90.668
2398.934570 90.776
2416.318359 90.879
2433.827881 90.975
2451.464355 91.068
2469.228760 91.157
2487.121826 91.242
2505.144531 91.324
2523.297852 91.404
2541.582764 91.483
2560.000000 91.561
2578.550781 91.641
2597.236084 91.724
2616.056641 91.808
2635.013672 91.895
2654.108154 91.983
2673.340820 92.070
2692.713135 92.156
2712.225586 92.238
2731.879395 92.315
2751.675781 92.387
2771.615479 92.454
2791.699707 92.515
2811.929688 92.569
2832.305908 92.618
2852.830078 92.662
2873.502930 92.700
2894.325439 92.733
2915.298828 92.761
2936.424316 92.784
2957.702881 92.802
2979.135742 92.816
3000.723633 92.826
3022.468262 92.831
3044.370117 92.832
3066.430908 92.828
3088.651611 92.820
3111.033203 92.807
3133.577148 92.791
3156.284180 92.770
3179.156006 92.746
3202.193359 92.718
3225.397949 92.686
3248.770508 92.649
3272.312500 92.609
3296.024902 92.565
3319.909180 92.517
3343.966797 92.466
3368.198486 92.411
3392.605713 92.352
3417.189941 92.291
3441.952393 92.227
3466.894287 92.159
3492.016846 92.089
3517.321289 92.017
3542.809326 91.942
3568.481934 91.865
3594.340576 91.786
3620.386719 91.706
3646.621582 91.623
3673.046387 91.538
3699.662842 91.452
3726.472168 91.364
3753.475586 91.275
3780.675049 91.184
3808.071289 91.093
3835.666016 91.001
3863.460938 90.909
3891.457275 90.816
3919.656250 90.723
3948.059814 90.630
3976.668945 90.538
4005.485596 90.445
4034.510986 90.354
4063.746582 90.263
4093.194336 90.173
4122.855469 90.084
4152.730957 89.998
4182.823730 89.913
4213.133789 89.830
4243.664062 89.748
4274.415527 89.670
4305.389648 89.594
4336.588379 89.521
4368.013184 89.450
4399.665527 89.381
4431.547363 89.314
4463.660156 89.249
4496.005371 89.186
4528.585449 89.125
4561.401367 89.065
4594.455078 89.005
4627.748535 88.946
4661.283203 88.887
4695.060547 88.828
4729.083008 88.769
4763.352051 88.710
4797.869141 88.650
4832.636719 88.589
4867.655762 88.528
4902.928711 88.466
4938.457520 88.404
4974.243652 88.341
5010.289062 88.277
5046.595703 88.212
5083.165527 88.148
5120.000000 88.083
5157.101562 88.019
5194.472168 87.955
5232.113281 87.893
5270.027344 87.831
5308.216309 87.771
5346.681641 87.713
5385.426270 87.657
5424.451172 87.603
5463.758789 87.552
5503.351562 87.503
5543.230957 87.458
5583.399414 87.415
5623.859375 87.376
5664.611816 87.339
5705.660156 87.306
5747.005859 87.276
5788.650879 87.250
5830.597656 87.228
5872.848633 87.209
5915.405762 87.194
5958.271484 87.182
6001.447266 87.174
6044.936523 87.168
6088.740234 87.167
6132.861816 87.169
6177.303223 87.175
6222.066406 87.183
6267.154297 87.196
6312.568359 87.212
6358.312012 87.231
6404.386719 87.253
6450.795898 87.278
6497.541016 87.305
6544.625000 87.336
6592.049805 87.368
6639.818359 87.404
6687.933594 87.442
6736.396973 87.481
6785.211426 87.522
6834.379883 87.564
6883.904785 87.608
6933.788574 87.652
6984.033691 87.696
7034.642578 87.740
7085.618652 87.782
7136.963867 87.824
7188.681152 87.864
7240.773438 87.902
7293.243164 87.936
7346.092773 87.968
7399.325684 87.996
7452.944336 88.019
7506.951172 88.037
7561.350098 88.051
7616.142578 88.059
7671.332031 88.060
7726.921875 88.056
7782.914551 88.044
7839.312500 88.026
7896.119629 88.000
7953.337891 87.967
8010.971191 87.925
8069.021973 87.875
8127.493164 87.816
8186.388672 87.749
8245.710938 87.672
8305.461914 87.586
8365.647461 87.490
8426.267578 87.385
8487.328125 87.268
8548.831055 87.142
8610.779297 87.006
8673.176758 86.858
8736.026367 86.702
8799.331055 86.536
8863.094727 86.360
8927.320312 86.176
8992.010742 85.987
9057.170898 85.792
9122.802734 85.592
9188.910156 85.388
9255.497070 85.183
9322.566406 84.977
9390.121094 84.772
9458.166016 84.567
9526.704102 84.365
9595.738281 84.166
9665.273438 83.971
9735.311523 83.779
9805.857422 83.593
9876.915039 83.412
9948.487305 83.238
10020.578125 83.073
10093.191406 82.917
10166.331055 82.770
10240.000000 82.631
10314.203125 82.499
10388.944336 82.371
10464.226562 82.242
10540.054688 82.106
10616.432617 81.957
10693.363281 81.786
10770.852539 81.590
10848.902344 81.364
10927.517578 81.111
11006.703125 80.834
11086.461914 80.542
11166.798828 80.242
11247.718750 79.947
11329.223633 79.664
11411.320312 79.399
11494.011719 79.172
11577.301758 78.986
11661.195312 78.824
11745.697266 78.690
11830.811523 78.610
11916.542969 78.562
12002.894531 78.533
12089.873047 78.530
12177.480469 78.570
12265.723633 78.647
12354.606445 78.745
12444.132812 78.862
12534.308594 79.005
12625.136719 79.163
12716.624023 79.335
12808.773438 79.519
12901.591797 79.712
12995.082031 79.909
13089.250000 80.107
13184.099609 80.306
13279.636719 80.506
13375.867188 80.704
13472.793945 80.899
13570.422852 81.088
13668.759766 81.271
13767.809570 81.445
13867.577148 81.611
13968.067383 81.766
14069.285156 81.909
14171.237305 82.043
14273.927734 82.168
14377.362305 82.284
14481.546875 82.385
14586.486328 82.476
14692.185547 82.557
14798.651367 82.630
14905.888672 82.694
15013.902344 82.751
15122.700195 82.800
15232.285156 82.843
15342.664062 82.879
15453.843750 82.909
15565.829102 82.932
15678.625000 82.947
15792.239258 82.952
15906.675781 82.948
16021.942383 82.931
16138.043945 82.901
16254.986328 82.856
16372.777344 82.795
16491.421875 82.716
16610.923828 82.620
16731.294922 82.504
16852.535156 82.367
16974.656250 82.210
17097.662109 82.032
17221.558594 81.833
17346.353516 81.612
17472.052734 81.367
17598.662109 81.099
17726.189453 80.805
17854.640625 80.485
17984.021484 80.138
18114.341797 79.761
18245.605469 79.352
18377.820312 78.910
18510.994141 78.434
18645.132812 77.922
18780.242188 77.374
18916.332031 76.792
19053.408203 76.174
19191.476562 75.517
19330.546875 74.806
19470.623047 73.973
19611.714844 72.895
19753.830078 71.681
19896.974609 70.702
